97.4 31.8 97.4 35.3 89.7 49.4 74.4 65.9 61.5 72.9 51.3 80.0 43.6 87.1 38.5 90.6
100.0  25.7 100.0  35.4 100.0  47.2  94.3  53.5  88.6  61.8  88.6  68.1  85.7  70.1  80.0  76.4
100.0   0.0  93.1   2.6  93.1  21.1  89.7  39.5  82.8  63.2  69.0  68.4  69.0  76.3  48.3  84.2
100.0   3.7 100.0   5.0 100.0  21.3 100.0  33.8  96.2  45.0  96.2  65.0  96.2  76.2  88.5  82.5



set of thresholds is: 1   2   5  10  20  30  40  50
[TPR,TNR,(3*TPR+TNR)/4] pairs of results (averaged over datasets, one pair per threshold):

mean
99.4 97.6 95.7 89.6 82.3 76.2 73.6 63.8
15.3 19.6 34.7 48.1 60.7 70.4 77.4 83.4
78.3 78.1 80.5 79.2 76.9 74.8 74.6 68.7

median
100.0  98.7  96.6  92.0  85.7  78.8  77.3  64.1
14.7 20.1 34.2 46.5 62.5 68.2 76.3 83.4
78.5 79.1 80.0 80.3 79.9 76.1 76.3 68.2
